graph_100_100 0 1 4 7 9 10 11 13 15 16 21 23 24 25 29 30 32 33 42 53 54 57 58 62 65 69 72 84 85 94 95 96 97 98- 3 12 14 22 26 27 31 36 38 39 40 41 45 46 47 48 49 50 51 55 58 66 67 68 70 71 77 78 79 83 86 87 90 99
graph_100_1000 33 34 42 51 53 71 87 89- 0 17 18 20 22 29 46 76 90
graph_100_250 10 17 18 27 28 30 32 34 35 36 52 56 57 60 62 63 64 72 79 87 89 95 99- 0 6 11 12 15 21 37 38 43 44 45 46 49 50 51 53 66 76 78 82 84 86 90 91 92 97
graph_100_500 10 14 18 26 34 44 48 50 52 81 86 87 93 94- 0 1 7 8 11 25 27 32 35 49 57 60 62 64 74 78 83
graph_250_1000 3 5 17 21 41 42 45 49 57 62 74 79 82 85 86 87 96 97 99 100 103 105 112 113 116 123 128 141 150 155 163 164 169 177 187 189 194 202 205 219 223 228 231 237 239 246 248- 7 8 11 15 16 27 29 37 38 43 44 46 48 52 55 60 65 89 90 94 98 106 107 111 118 120 137 140 144 146 147 154 158 159 168 180 182 183 188 192 197 198 199 201 205 206 208 216 222
graph_250_250 0 2 8 10 13 14 19 21 22 24 25 40 44 51 55 59 67 73 75 79 82 85 89 92 96 101 104 105 107 112 114 119 120 121 124 129 132 133 137 140 141 142 148 152 154 155 160 161 163 164 167 168 169 170 171 173 175 176 178 182 189 190 191 193 195 200 201 202 203 206 216 217 220 221 223 226 229 230 234 235 238 241 244 249- 6 16 18 26 27 28 29 30 31 32 34 35 38 39 42 45 46 47 48 49 53 60 61 62 63 65 69 70 71 74 76 78 80 83 86 90 91 92 93 97 98 100 102 106 109 110 111 113 118 125 126 127 130 136 144 147 153 165 166 172 174 180 181 184 185 188 192 196 197 204 211 213 214 218 219 222 225 227 228 236 239 243 246 247
graph_250_500 1 2 5 7 13 14 15 16 17 20 26 27 34 40 42 43 47 48 49 50 52 54 55 59 65 69 72 91 92 95 97 100 101 102 106 119 121 122 123 127 132 133 137 158 159 160 163 169 174 178 180 181 183 184 196 197 198 199 213 216 220 222 224 228 231 236 240 247- 0 4 8 9 21 22 23 24 31 32 37 38 44 51 56 58 60 61 64 66 74 75 76 78 80 83 85 86 87 90 92 94 98 99 103 105 107 114 115 116 117 118 120 124 125 128 129 130 136 142 146 149 150 154 157 164 167 170 171 176 177 188 189 193 203 204 206 218 226 229 230 233 237 243 246 249
graph_500_1000 1 3 9 10 11 15 16 19 20 28 30 34 38 42 43 45 48 49 64 70 77 78 84 85 88 91 95 103 105 107 111 113 117 120 121 122 123 125 127 128 129 134 135 136 137 139 142 148 149 155 156 158 159 164 166 169 170 172 177 188 191 192 206 208 211 214 216 220 222 224 227 230 232 237 243 250 252 266 270 274 276 287 293 298 306 310 320 322 323 324 327 328 336 338 339 340 345 348 351 354 355 358 360 363 367 369 382 383 387 388 391 395 397 405 409 421 428 438 440 445 451 452 455 459 460 462 463 465 466 468 470 473 478 483 484 488 489 492 494 499- 5 7 9 13 14 24 26 32 35 36 41 44 46 47 51 53 54 55 56 57 58 62 65 66 67 69 71 72 73 80 82 83 87 88 93 99 106 109 110 111 112 121 130 132 138 143 150 151 153 157 161 162 163 174 175 179 180 182 184 186 187 193 195 196 198 199 200 202 205 207 210 212 213 218 219 221 226 229 231 233 234 235 236 246 248 255 256 257 258 259 260 261 263 264 271 272 277 279 282 284 288 290 294 295 296 297 302 311 312 313 317 319 321 325 327 331 341 342 344 346 347 349 356 357 361 370 372 376 385 386 392 393 398 400 402 406 410 418 420 422 423 424 430 435 441 442 446 447 455 474 475 477 479 481 485 486 493 497
graph_500_500 0 2 3 8 11 13 16 18 19 21 24 26 27 28 29 31 34 35 39 41 44 46 54 56 57 60 61 65 70 78 81 87 90 92 93 94 97 101 103 105 110 112 117 123 132 133 134 137 139 140 141 143 145 146 147 149 150 152 155 156 157 159 161 162 164 165 167 173 175 176 177 178 179 185 190 191 197 203 207 214 221 222 223 227 230 234 235 239 241 242 243 251 252 254 259 262 265 271 277 284 287 289 291 296 298 300 306 314 317 318 320 321 323 324 328 335 339 358 361 362 364 366 373 374 377 378 379 384 386 388 390 393 394 399 402 407 410 411 413 414 415 419 424 427 437 441 443 444 448 451 453 454 456 459 464 465 468 469 474 478 483 486 487 488 490 495 497- 4 6 9 10 12 14 15 20 22 30 32 37 42 45 49 51 55 62 63 66 67 68 69 71 73 75 80 83 89 96 99 102 104 108 113 114 115 121 122 125 128 129 130 135 136 144 148 151 153 158 163 169 170 171 174 182 184 187 188 189 193 194 198 201 202 205 209 210 211 216 218 219 224 225 228 229 236 238 244 247 248 250 257 261 263 264 268 269 270 273 275 276 281 283 285 286 292 295 299 302 307 308 309 310 311 312 316 325 327 330 333 336 338 341 343 344 346 347 349 350 353 355 356 357 363 367 370 371 375 380 387 389 391 397 398 403 405 409 412 416 417 420 423 429 433 434 435 438 440 442 445 446 447 455 458 462 467 470 471 475 476 477 479 481 493 496 498
graph_50_1000 4 37- 7 15
graph_50_250 3 9 17 18 21 22 49- 1 20 24 27 31 40 42 47
graph_50_50 0 1 4 5 13 14 17 31 32 33 36 37 39 41 42 47 49- 3 7 9 10 11 12 16 24 25 26 27 28 30 40 43 45 46
graph_50_500 2 9 13 36- 10 16 27 29
